16.0
1.180339887
2.6180339887
4.2360679774
6.8541019661
11.0901699435
17.9442719096
29.0344418531
46.9787137627
76.0131556158
122.9918693785
199.005025
321.9968943785
521.0019193785
843.0019193785
1364.003838757
2207.0057581355
3571.0095968925
5778.015355028
9349.0249519205
15127.040306949
24476.0652588695
39603.1055658185
64079.170824688
103682.2763905065
167761.4472151945
271443.723605701
439205.1708208955
710648.8944265965
1149854.065247492
1860502.959674089
3010357.024921581
4870859.98459567
7881217.009517251
12752077.994112921
20633295.003630172
33385373.997743093
54018669.001373265
87404043.999116358
141422712.000489623
228826755.99960598
370249467.000095604
599076223.000101584
969325690.000197188
1568401913.0002987
2537727603.0004957
4106129516.0007944
6643857119.00129
10749986635.002085
17393843754.00337
28143830389.005455
45537674143.00883
73681504532.01428
119219178675.0231
192900683207.0374
312119861882.0605
505020545089.098
817140406971.1586
1322160952060.2567
2139301359031.4153
3461462311091.672
5600763670123.088
9062225981214.76
14662989651337.85
23725215632551.61
38388205283889.46
62113420916441.07
100501626200330.5
162615047116771.6
263116673317102.1
425731720433873.7
688848393750975.8
1114580114184849.4
1803428507935825.1
2918008622120674.5
4721437130056500.0
7639445752177174.5
12360882882233674.0
20000328634410848.0
32361211516644522.0
52361540151055370.0
84722751667700100.0
137084291818755470.0
221807043486455570.0
358891335305211000.0
580698378791666600.0
939589714096877600.0
1520288092888544300.0
2459877806985422000.0
3980165899873966000.0
6439993706859388000.0
10420159606733353000.0
16860153313592740000.0
27280312920326090000.0
44140466233918820000.0
71420779154244910000.0
115561245388163730000.0
186981024542408640000.0
302542269930572400000.0
489523294472981000000.0
792065564403553500000.0
1281588858876534500000.0
2073654423280088000000.0
3355243282156622000000.0
5428897705436711000000.0
8784140987593332000000.0
14213038693030043000000.0
22997179680623374000000.0
37210218373653420000000.0
60207398054276790000000.0
97417616427930210000000.0
157625014482207000000000.0
255042630910137200000000.0
412667645392344200000000.0
667710276302481400000000.0
1080377921694825500000000.0
